,fulfillment_labor_materials,total_price_excluding_optional_support,total_price_including_optional_support,students_reached,great_messages_proportion,teacher_referred_count,non_teacher_referred_count
fulfillment_labor_materials,1.0,-0.05042706380059006,-0.05042710622748269,-0.01814140627637156,-0.09759006805194397,-0.05927329883863923,0.11519350762624417
total_price_excluding_optional_support,-0.05042706380059006,1.0,0.9999999998714917,0.11811178579522655,-0.014667942901099216,0.11439701082872775,0.05881683677349364
total_price_including_optional_support,-0.05042710622748269,0.9999999998714917,1.0,0.1181117721065464,-0.014667940796807277,0.11439700385122345,0.05881683064068531
students_reached,-0.01814140627637156,0.11811178579522655,0.1181117721065464,1.0,-0.01209044580997644,-0.01874767141445868,0.005633918568136507
great_messages_proportion,-0.09759006805194397,-0.014667942901099216,-0.014667940796807277,-0.01209044580997644,1.0,0.014508553155261776,0.0339982740500701
teacher_referred_count,-0.05927329883863923,0.11439701082872775,0.11439700385122345,-0.01874767141445868,0.014508553155261776,1.0,0.1068569639043779
non_teacher_referred_count,0.11519350762624417,0.05881683677349364,0.05881683064068531,0.005633918568136507,0.0339982740500701,0.1068569639043779,1.0
